TIMESTEP PARTICLES
120102	4000
z 
9.98317e-05 
9.80157e-05 
0.000104822 
0.000105026 
0.000101656 
0.000102214 
0.000103219 
0.000106214 
0.000104876 
9.95839e-05 
9.99348e-05 
0.00010624 
9.49157e-05 
0.000102269 
0.000183876 
0.000104862 
0.000228841 
0.000139155 
9.97589e-05 
9.99189e-05 
0.000102849 
9.98099e-05 
0.000104428 
0.000104879 
9.73502e-05 
0.000103816 
9.71856e-05 
0.000246556 
0.000104784 
0.000104194 
9.4817e-05 
0.000228701 
9.98338e-05 
0.000100759 
0.000178112 
0.000102184 
0.000104654 
9.72354e-05 
0.000100818 
9.96159e-05 
0.000104832 
9.71821e-05 
0.000227858 
9.96937e-05 
0.000102278 
0.000104746 
0.000104028 
0.000114203 
0.000245634 
9.97722e-05 
9.9954e-05 
9.95045e-05 
0.000171674 
0.000104621 
9.96505e-05 
9.46935e-05 
0.000103145 
9.69318e-05 
9.49668e-05 
0.000187811 
9.72843e-05 
9.96897e-05 
0.000101306 
0.000240643 
0.00024761 
0.000104777 
0.000248668 
0.00012629 
9.9742e-05 
9.96565e-05 
0.000113985 
9.47654e-05 
0.000213573 
9.72977e-05 
9.74209e-05 
9.95956e-05 
9.99499e-05 
0.000103133 
0.000102366 
0.000125684 
9.79072e-05 
9.71896e-05 
0.000103028 
9.99185e-05 
9.89712e-05 
9.99433e-05 
0.000216701 
0.000100037 
0.000249399 
0.000105657 
0.000102318 
9.48225e-05 
9.47698e-05 
0.000142955 
9.71774e-05 
9.71119e-05 
9.46698e-05 
9.69559e-05 
0.000100203 
0.00015566 
9.95138e-05 
9.49452e-05 
0.000243294 
9.95985e-05 
0.000235137 
9.99917e-05 
0.000102231 
9.73687e-05 
0.000100527 
9.71371e-05 
0.000235589 
9.488e-05 
0.000135317 
9.97493e-05 
0.000100289 
0.000105351 
9.92353e-05 
0.000107565 
9.73346e-05 
0.000102367 
0.000101766 
0.000113828 
9.68562e-05 
9.9818e-05 
0.000108687 
0.000101962 
9.74089e-05 
0.000142008 
0.000102114 
9.95396e-05 
0.00010363 
0.000206639 
0.000100222 
0.00017987 
0.000102322 
0.000101031 
0.000118235 
0.000101001 
9.48019e-05 
0.000102355 
0.000104759 
0.000102237 
0.000168237 
0.000162709 
0.000100624 
0.000181803 
9.98047e-05 
0.00012601 
0.000101827 
0.000102338 
0.000233971 
9.75885e-05 
9.98371e-05 
0.000100464 
9.98016e-05 
9.99263e-05 
0.000109923 
9.97971e-05 
0.000141469 
9.98699e-05 
0.000105662 
9.72976e-05 
0.000225037 
9.97897e-05 
9.47546e-05 
9.7304e-05 
0.000100358 
0.000122992 
0.000101904 
0.000150482 
9.71565e-05 
9.92501e-05 
0.000111052 
0.000231772 
9.97632e-05 
9.494e-05 
9.47519e-05 
0.00023337 
0.000126683 
9.98012e-05 
0.000104866 
0.000102378 
0.000100616 
0.000205604 
9.98458e-05 
0.000104089 
9.73962e-05 
0.000102219 
0.000106814 
9.97716e-05 
0.000206186 
0.000104907 
9.96057e-05 
9.74809e-05 
0.000230189 
9.73974e-05 
9.49817e-05 
0.000100633 
0.000102958 
9.73311e-05 
9.73926e-05 
9.72633e-05 
0.000298678 
0.000316298 
0.000482879 
0.000276677 
0.000467518 
0.000277615 
0.00029062 
0.000484552 
0.000275547 
0.000448183 
0.000428915 
0.000260431 
0.000417594 
0.000280284 
0.000470377 
0.000300143 
0.000433696 
0.000255311 
0.000374531 
0.000402741 
0.000286851 
0.000363158 
0.000448426 
0.000263117 
0.000375815 
0.00044525 
0.00042588 
0.000330569 
0.000255149 
0.000303349 
0.000497398 
0.000432661 
0.000491892 
0.000274858 
0.000442591 
0.000278601 
0.000469983 
0.000456478 
0.000271978 
0.000304789 
0.000439447 
0.000252342 
0.000376991 
0.000274493 
0.000467438 
0.000261588 
0.000414464 
0.000267019 
0.000423546 
0.000468274 
0.000437979 
0.000304811 
0.00045088 
0.000279376 
0.000422366 
0.000493479 
0.000276457 
0.00030789 
0.000347912 
0.000268383 
0.000434157 
0.000482948 
0.000279471 
0.000272087 
0.000430756 
0.000275472 
0.000444216 
0.000449692 
0.000271285 
0.000413719 
0.000413124 
0.000276633 
0.000402196 
0.000423312 
0.000268255 
0.0004235 
0.000286662 
0.000416164 
0.000258822 
0.000363228 
0.000303481 
0.000353353 
0.000387629 
0.000253325 
0.000479857 
0.000265055 
0.000271338 
0.000439313 
0.000422268 
0.000448378 
0.000297659 
0.000284752 
0.000472083 
0.000363724 
0.000484282 
0.000289463 
0.000394792 
0.000275393 
0.000462591 
0.000286609 
0.000420767 
0.000469171 
0.000432534 
0.000275763 
0.000267213 
0.000442332 
0.000251462 
0.000405243 
0.000461686 
0.00044048 
0.000311667 
0.000430775 
0.000295062 
0.000473019 
0.00027724 
0.000255641 
0.000279697 
0.000451294 
0.000417205 
0.000272787 
0.0004127 
0.000286189 
0.000270725 
0.000434263 
0.000266464 
0.000418414 
0.000479237 
0.00026247 
0.000414753 
0.000410567 
0.000281639 
0.000272746 
0.00027302 
0.000472164 
0.000274145 
0.000435673 
0.000433128 
0.000279611 
0.000466687 
0.000372942 
0.0003476 
0.000295252 
0.000409085 
0.000271161 
0.000260115 
0.000438585 
0.000289536 
0.000264696 
0.000344641 
0.000454824 
0.000431237 
0.000266398 
0.000427782 
0.000256196 
0.000337739 
0.000272134 
0.000447828 
0.000491869 
0.000411792 
0.000261613 
0.000409835 
0.000255742 
0.000431136 
0.000287933 
0.000271346 
0.00026519 
0.000438378 
0.000415024 
0.000257265 
0.000289292 
0.000482132 
0.000339924 
0.000266938 
0.000279953 
0.000428511 
0.000441006 
0.000265656 
0.000252228 
0.000432156 
0.000378386 
0.000259959 
0.000418624 
0.000267481 
0.000262556 
0.000434152 
0.000263833 
0.000452651 
0.000417772 
0.000307614 
0.000450631 
0.00035264 
0.000294841 
0.000477839 
0.000477092 
0.000276697 
0.000420413 
0.000278477 
0.000389622 
0.000268697 
0.000441867 
0.000398213 
0.000485149 
0.000391086 
0.000316595 
0.000402722 
0.000271219 
0.000393139 
0.000269282 
0.000449498 
0.000264824 
0.000317623 
0.000464191 
0.000280618 
0.000462501 
0.000436094 
0.000259199 
0.000426031 
0.000468088 
0.000374457 
0.000284389 
0.000470834 
0.00027378 
0.000462153 
0.000367851 
0.000288202 
0.000299326 
0.000356771 
0.00048442 
0.000396509 
0.000278604 
0.000411253 
0.000479402 
0.000269168 
0.00040676 
0.000298881 
0.000441482 
0.000266686 
0.000265948 
0.000444614 
0.000439628 
0.00034534 
0.000481753 
0.000261037 
0.000491429 
0.000319971 
0.000278791 
0.000450435 
0.000372186 
0.000261492 
0.000448701 
0.000288516 
0.000386255 
0.00048302 
0.000286858 
0.000474873 
0.00029278 
0.000482826 
0.000441817 
0.000294633 
0.000354201 
0.000490669 
0.000255536 
0.000254306 
0.000399191 
0.000286207 
0.000432985 
0.000285071 
0.000268097 
0.000421048 
0.000276981 
0.000264608 
0.000268516 
0.000430998 
0.000489851 
0.000281689 
0.00025389 
0.00041626 
0.000269978 
0.000461404 
0.00032294 
0.000286694 
0.00027189 
0.000460399 
0.000341985 
0.000313588 
0.000445563 
0.000283657 
0.000419369 
0.000265554 
0.000265036 
0.000449159 
0.000284612 
0.000468178 
0.000357147 
0.00043513 
0.000375887 
0.00045651 
0.000370241 
0.00044656 
0.000397491 
0.000402665 
0.000270584 
0.000270898 
0.000450152 
0.000440858 
0.000274836 
0.000271989 
0.000452887 
0.000280378 
0.000457804 
0.000271723 
0.00046167 
0.000448531 
0.000265349 
0.000578173 
0.000677707 
0.000661582 
0.000686969 
0.000617301 
0.000598234 
0.000585181 
0.000584515 
0.000593282 
0.000666421 
0.00074334 
0.000572386 
0.000699272 
0.000562382 
0.000569321 
0.000658489 
0.000721041 
0.000567811 
0.000746609 
0.000625012 
0.000529358 
0.000657609 
0.00061362 
0.000669431 
0.000600778 
0.000642259 
0.000612428 
0.000623737 
0.000525782 
0.000700544 
0.000703447 
0.000569886 
0.000521183 
0.000734076 
0.000518773 
0.00066042 
0.000579696 
0.000608008 
0.000615923 
0.000611978 
0.000535976 
0.00066843 
0.000606996 
0.000718956 
0.000611006 
0.000631886 
0.000621984 
0.000575644 
0.00054141 
0.000723737 
0.000713831 
0.000614776 
0.00073648 
0.000592709 
0.000707513 
0.000607508 
0.000561869 
0.000725944 
0.0005743 
0.000527188 
0.000664377 
0.000686898 
0.000507383 
0.000666893 
0.000655326 
0.000665843 
0.000556682 
0.000616667 
0.00070467 
0.000671515 
0.000555109 
0.000616601 
0.000654274 
0.000578177 
0.000578657 
0.000645456 
0.0005792 
0.000678693 
0.000608806 
0.000599782 
0.00061563 
0.000674485 
0.000652564 
0.00051121 
0.000629638 
0.000632675 
0.000557398 
0.000597338 
0.000689136 
0.00058095 
0.000618735 
0.000605765 
0.000580753 
0.00067565 
0.000576562 
0.00069422 
0.000660538 
0.000532097 
0.000632711 
0.00063115 
0.000600949 
0.000726414 
0.00052133 
0.000708306 
0.000729526 
0.000628112 
0.000606781 
0.000637369 
0.000500236 
0.000668637 
0.000524105 
0.000715516 
0.000593291 
0.000597923 
0.00060515 
0.000508296 
0.000649764 
0.000690042 
0.00062091 
0.000654857 
0.000589621 
0.000586695 
0.000709923 
0.00056591 
0.00055678 
0.000633425 
0.000600517 
0.000528018 
0.000702803 
0.000708731 
0.000579005 
0.000623877 
0.000559111 
0.000656018 
0.00073664 
0.000569951 
0.000709358 
0.000726122 
0.000602835 
0.000641785 
0.000549391 
0.000748051 
0.000647951 
0.000597486 
0.000533758 
0.000573152 
0.000740936 
0.000562185 
0.000695551 
0.000746981 
0.000595724 
0.00063928 
0.000581728 
0.000679955 
0.000650286 
0.000538746 
0.00072751 
0.000657294 
0.000584235 
0.000638822 
0.000523531 
0.000583071 
0.00066011 
0.000613504 
0.000642678 
0.000549405 
0.000616979 
0.000692126 
0.000576686 
0.000658806 
0.000650551 
0.00059425 
0.000503248 
0.000664977 
0.000550245 
0.000706653 
0.000700487 
0.000517598 
0.000589902 
0.000684678 
0.000569122 
0.00062727 
0.000532888 
0.000665038 
0.000603095 
0.00066222 
0.00069099 
0.000566364 
0.000648022 
0.000553225 
0.00074061 
0.000686827 
0.000666753 
0.000741898 
0.000599629 
0.000641816 
0.000688798 
0.000560928 
0.000714655 
0.000594095 
0.000551794 
0.000732966 
0.000586265 
0.000728811 
0.000532539 
0.000666586 
0.000637926 
0.000688925 
0.000613237 
0.000583006 
0.000579696 
0.000511043 
0.000643045 
0.000703736 
0.000615008 
0.000680701 
0.000576545 
0.000502696 
0.000695393 
0.000583584 
0.000612781 
0.000631469 
0.000601833 
0.000509901 
0.000712872 
0.000632747 
0.000704897 
0.000574674 
0.000625287 
0.000746617 
0.00056859 
0.000571888 
0.000574287 
0.000711516 
0.00061303 
0.000727134 
0.000635529 
0.000652113 
0.000656935 
0.000683977 
0.000674056 
0.000841019 
0.000772536 
0.000936594 
0.000837498 
0.000955856 
0.000846399 
0.000764069 
0.000776626 
0.000755031 
0.000947022 
0.000996288 
0.000840517 
0.00077284 
0.000967181 
0.000831517 
0.000963217 
0.000828072 
0.000768846 
0.000904684 
0.000869905 
0.000834716 
0.000819956 
0.000884536 
0.000839478 
0.000849174 
0.000941371 
0.000775413 
0.000771452 
0.000943632 
0.000760864 
0.000792733 
0.000931456 
0.000789251 
0.00098865 
0.000874601 
0.000868885 
0.000925698 
0.000804188 
0.000881444 
0.00075357 
0.000984593 
0.00078095 
0.000965647 
0.00097578 
0.000829515 
0.000908541 
0.00085857 
0.000950909 
0.000777375 
0.000945203 
0.00077434 
0.000961618 
0.000818273 
0.000788549 
0.000757958 
0.000899073 
0.000933511 
0.00093006 
0.00088675 
0.000837245 
0.000785291 
0.000791661 
0.000978288 
0.000910591 
0.000900703 
0.00089895 
0.000863801 
0.000967523 
0.000790946 
0.000851957 
0.000984672 
0.000818268 
0.00098362 
0.000834883 
0.000776978 
0.000978762 
0.000788658 
0.000850402 
0.000792853 
0.000990756 
0.000878388 
0.000766746 
0.000931949 
0.000828176 
0.000765178 
0.000945149 
0.000856273 
0.000791585 
0.000764469 
0.000983767 
0.000951688 
0.00078427 
0.00095217 
0.000850426 
0.00081587 
0.000976304 
0.000826089 
0.000961384 
0.000986127 
0.00089558 
0.000811771 
0.000947267 
0.000753731 
0.000886701 
0.00091096 
0.000786999 
0.000980255 
0.000775404 
0.000877393 
0.000977285 
0.000823161 
0.000976286 
0.000971898 
0.00086645 
0.000778675 
0.000994429 
0.000973577 
0.000808347 
0.000873723 
0.000833262 
0.000767643 
0.000905974 
0.000967856 
0.00089425 
0.00086643 
0.000985613 
0.000796734 
0.000789723 
0.000955358 
0.000969148 
0.000783028 
0.000893723 
0.000855006 
0.00096178 
0.000801057 
0.000871818 
0.000835187 
0.00077166 
0.000971172 
0.000789637 
0.000979962 
0.000924642 
0.000833714 
0.000773795 
0.000757575 
0.00088374 
0.000973534 
0.000753617 
0.000936225 
0.000817467 
0.000754514 
0.000990702 
0.000952068 
0.00083562 
0.000978904 
0.000840987 
0.000899606 
0.000885331 
0.000763106 
0.000959515 
0.000807367 
0.000833796 
0.000984843 
0.000885492 
0.000867003 
0.000918459 
0.000793431 
0.000984028 
0.000902023 
0.000853322 
0.000821577 
0.000824316 
0.000857033 
0.000915588 
0.000919358 
0.000875164 
0.000808119 
0.000986607 
0.000791846 
0.000788515 
0.000976862 
0.000855965 
0.000975928 
0.000920109 
0.00078913 
0.000966468 
0.000823183 
0.00076142 
0.000957193 
0.000814235 
0.000783386 
0.000855337 
0.000800088 
0.000982718 
0.00075807 
0.000873173 
0.000885062 
0.000946079 
0.000778534 
0.000992427 
0.00086937 
0.000815164 
0.000855171 
0.000788841 
0.000987814 
0.000869619 
0.000805355 
0.00081373 
0.000999067 
0.000877191 
0.000758137 
0.000819338 
0.000815503 
0.000928788 
0.000761453 
0.000857382 
0.000961046 
0.000847837 
0.000791796 
0.000985425 
0.000885244 
0.000763505 
0.000949868 
0.000970683 
0.000842559 
0.000867636 
0.000945303 
0.000983855 
0.000926103 
0.000772091 
0.000927368 
0.000932543 
0.000936762 
0.000871602 
0.000849331 
0.000955509 
0.000910963 
0.00096623 
0.000876775 
0.000759472 
0.000886205 
0.000855266 
0.000986009 
0.000796589 
0.000880612 
0.000986589 
0.0007969 
0.000781998 
0.0009939 
0.000985809 
0.000912878 
0.000883296 
0.000796038 
0.000907216 
0.00077355 
0.0009411 
0.000884994 
0.000808741 
0.000762497 
0.000853682 
0.000795725 
0.000932967 
0.000984522 
0.000850088 
0.000873408 
0.00095886 
0.000756461 
0.000762397 
0.000927915 
0.000878703 
0.000804398 
0.000982511 
0.000913787 
0.000815536 
0.000830041 
0.000835178 
0.000851475 
0.00086998 
0.00110574 
0.00111681 
0.0011487 
0.00101858 
0.00104222 
0.00120479 
0.00100133 
0.00117189 
0.00113704 
0.00113773 
0.00102173 
0.00114161 
0.00114571 
0.00122481 
0.00106005 
0.00103624 
0.00121976 
0.00103323 
0.00102158 
0.00109629 
0.00121087 
0.00121391 
0.00106193 
0.00101071 
0.00124356 
0.00121631 
0.00107201 
0.0010523 
0.00123442 
0.00103567 
0.00121677 
0.00115394 
0.0011327 
0.00114213 
0.00103741 
0.00117821 
0.00110395 
0.00102038 
0.0012384 
0.00109524 
0.0012123 
0.00107846 
0.00121599 
0.00114819 
0.00123831 
0.00112848 
0.00108709 
0.00102401 
0.00121168 
0.00103939 
0.00114604 
0.00122058 
0.00111647 
0.0010958 
0.00117747 
0.00106838 
0.00118849 
0.00106834 
0.00110117 
0.00107983 
0.00118869 
0.00104251 
0.00118717 
0.00102215 
0.00107254 
0.00107002 
0.00123419 
0.00124677 
0.00107454 
0.00116181 
0.00124403 
0.00116979 
0.00106718 
0.00117859 
0.00102155 
0.00113586 
0.0010056 
0.00117079 
0.00103196 
0.00121512 
0.00116303 
0.00106563 
0.00116123 
0.00111852 
0.00100956 
0.00111885 
0.00111401 
0.00120095 
0.00104936 
0.00123638 
0.00123345 
0.00117164 
0.00116202 
0.00114322 
0.00118 
0.00104302 
0.00107376 
0.00100021 
0.00116138 
0.00115056 
0.0011279 
0.00109154 
0.00111643 
0.00107001 
0.00113759 
0.00109855 
0.00124029 
0.00114711 
0.0012401 
0.00120834 
0.00115839 
0.00101738 
0.00107178 
0.00116336 
0.00115362 
0.00117622 
0.00100062 
0.00118522 
0.0012334 
0.0011249 
0.00103086 
0.0012303 
0.00107211 
0.00118858 
0.00117552 
0.00101254 
0.00106826 
0.00117886 
0.00102961 
0.00117378 
0.00113091 
0.00112014 
0.0010075 
0.00100625 
0.00117076 
0.00111006 
0.00107194 
0.00115221 
0.00104707 
0.00112761 
0.00119987 
0.00123358 
0.00112888 
0.00110113 
0.00122445 
0.00103064 
0.00117422 
0.00108724 
0.00113739 
0.00113676 
0.00105937 
0.00105663 
0.00110019 
0.00124801 
0.00122405 
0.00103775 
0.00111136 
0.00123999 
0.00103215 
0.00117145 
0.00122216 
0.00118347 
0.00100201 
0.00105297 
0.00121704 
0.00124361 
0.00104423 
0.0011169 
0.00124781 
0.00106668 
0.00118867 
0.00105784 
0.00116318 
0.00105597 
0.0010857 
0.00122379 
0.00111461 
0.00114863 
0.00112639 
0.00101078 
0.00114236 
0.00120819 
0.00100732 
0.00105103 
0.00120611 
0.00116883 
0.00108741 
0.00120457 
0.00102474 
0.00119674 
0.00116723 
0.00109729 
0.00122487 
0.00107298 
0.00105225 
0.00117066 
0.00115774 
0.0011355 
0.00107716 
0.00106492 
0.00104965 
0.00120721 
0.00116007 
0.00102687 
0.00116426 
0.00111163 
0.0012212 
0.00101109 
0.00111846 
0.00111764 
0.0010487 
0.00114687 
0.00115859 
0.00110298 
0.00108619 
0.0010518 
0.00102227 
0.00110853 
0.00121836 
0.0011492 
0.00115673 
0.001193 
0.00110506 
0.0012414 
0.00104593 
0.00118356 
0.00123111 
0.00119423 
0.00108138 
0.00124061 
0.00117925 
0.00107524 
0.00117996 
0.00106863 
0.0010805 
0.0012395 
0.00110239 
0.00110531 
0.00102436 
0.00119749 
0.00105629 
0.00105978 
0.00114271 
0.0010093 
0.00115823 
0.00110198 
0.00123655 
0.00101841 
0.00118448 
0.00113019 
0.00117404 
0.0012325 
0.0010585 
0.00109586 
0.00115264 
0.00119291 
0.0010186 
0.00120581 
0.00103317 
0.00102814 
0.00121478 
0.00104092 
0.00121476 
0.00106087 
0.00122744 
0.00149702 
0.00129759 
0.00140283 
0.00134019 
0.00130232 
0.00149164 
0.00139593 
0.00136548 
0.00149903 
0.00130648 
0.00131863 
0.00142196 
0.00134429 
0.00126181 
0.00145835 
0.00141587 
0.00136465 
0.00129761 
0.0013741 
0.0013653 
0.00132176 
0.00141361 
0.00131929 
0.00147314 
0.00131258 
0.00145838 
0.0013176 
0.00145331 
0.00133494 
0.00132531 
0.00140748 
0.00137897 
0.00138635 
0.00139969 
0.00127306 
0.00141444 
0.00134142 
0.00138788 
0.00131712 
0.00149542 
0.00127321 
0.00138223 
0.0014297 
0.00133568 
0.00139372 
0.00125329 
0.0012893 
0.00127969 
0.00144494 
0.00137898 
0.00142358 
0.0014593 
0.00129119 
0.00126519 
0.00138793 
0.00142294 
0.00136843 
0.00134211 
0.00142039 
0.00140679 
0.00135867 
0.00126432 
0.00142867 
0.00136532 
0.00148749 
0.00130053 
0.0013313 
0.00135043 
0.00144771 
0.00126186 
0.00126764 
0.00149987 
0.00135571 
0.00138921 
0.00128091 
0.00139952 
0.00131527 
0.00138897 
0.00142958 
0.00134537 
0.0013454 
0.00148206 
0.00145651 
0.00130405 
0.00134141 
0.00148653 
0.00126809 
0.00143728 
0.00148905 
0.00143976 
0.00129116 
0.00149607 
0.00127513 
0.00146496 
0.0013842 
0.0012993 
0.00125728 
0.00140659 
0.00149769 
0.00144113 
0.00138776 
0.00141414 
0.00138649 
0.00132074 
0.00139445 
0.00131678 
0.00134984 
0.00131778 
0.00126871 
0.00145267 
0.00145826 
0.00128866 
0.00138035 
0.00146409 
0.00147268 
0.00128147 
0.00136749 
0.00132409 
0.0013474 
0.00146292 
0.00126565 
0.00138067 
0.00148441 
0.00128879 
0.00130889 
0.00149256 
0.00136563 
0.00127387 
0.00146877 
0.00127764 
0.00138502 
0.00147471 
0.00136399 
0.00132232 
0.001375 
0.00145044 
0.00133552 
0.0014842 
0.00129729 
0.00144674 
0.001257 
0.00130277 
0.00137003 
0.00134864 
0.00130499 
0.00141832 
0.00142488 
0.00127806 
0.00125127 
0.00144441 
0.00137486 
0.00143901 
0.00140752 
0.00143064 
0.00135094 
0.00149836 
0.00137434 
0.00135649 
0.00130869 
0.00138943 
0.00131999 
0.00146628 
0.00147578 
0.00131304 
0.00125218 
0.00139814 
0.00139438 
0.00133591 
0.00149405 
0.00129311 
0.00142004 
0.00149056 
0.00130464 
0.00141997 
0.00142645 
0.00129689 
0.00148462 
0.00136636 
0.00133805 
0.00131301 
0.00135637 
0.00147517 
0.00140028 
0.00130893 
0.00134428 
0.00149366 
0.00147811 
0.00140591 
0.00127888 
0.00149215 
0.00135358 
0.00135179 
0.00132661 
0.00144159 
0.00125192 
0.00140088 
0.00143551 
0.00133511 
0.00132258 
0.00135263 
0.00147581 
0.00143238 
0.00130193 
0.00146906 
0.00128686 
0.00128117 
0.00148589 
0.00134298 
0.00131126 
0.00148829 
0.00145377 
0.00134286 
0.00126271 
0.00144529 
0.00143949 
0.00131295 
0.00127628 
0.00137419 
0.00138043 
0.00132638 
0.00137119 
0.00127018 
0.00149353 
0.00137178 
0.00143735 
0.00143396 
0.00137234 
0.0012887 
0.00142965 
0.00135495 
0.00149399 
0.00138016 
0.00127158 
0.00145301 
0.00126602 
0.00142079 
0.00128436 
0.00128845 
0.00145485 
0.00146222 
0.00144289 
0.00128411 
0.00143956 
0.00134144 
0.00143097 
0.00134495 
0.00127751 
0.001482 
0.00148534 
0.00137187 
0.00132461 
0.00141305 
0.00129061 
0.00147396 
0.0012638 
0.00149111 
0.00133876 
0.00137981 
0.0013566 
0.00138764 
0.0013963 
0.00139896 
0.00172496 
0.00158613 
0.00168575 
0.00153137 
0.00158686 
0.00172153 
0.00166156 
0.00167653 
0.00154489 
0.00172819 
0.00162161 
0.00150278 
0.0016997 
0.00161081 
0.00173961 
0.00155191 
0.00160918 
0.00174004 
0.0015023 
0.001704 
0.00156633 
0.00170306 
0.00154954 
0.00174578 
0.00151258 
0.00163962 
0.00152117 
0.00161254 
0.00171702 
0.00151326 
0.00165958 
0.00164967 
0.00159837 
0.0015311 
0.00172434 
0.0016478 
0.00155084 
0.00174696 
0.00167518 
0.00157751 
0.00153157 
0.00171139 
0.0015109 
0.00155321 
0.00168344 
0.00160586 
0.00152803 
0.00170351 
0.00167773 
0.00168671 
0.00161922 
0.00153403 
0.00158597 
0.00170872 
0.00161574 
0.00163533 
0.00151447 
0.00165547 
0.00150668 
0.00163439 
0.00163194 
0.00157933 
0.0016519 
0.00155251 
0.00174495 
0.00169022 
0.00174548 
0.0016012 
0.00155322 
0.00167287 
0.00156903 
0.00162002 
0.00155729 
0.00174648 
0.00166355 
0.00165405 
0.00151905 
0.00168727 
0.00155094 
0.00165465 
0.00152252 
0.0017193 
0.00169996 
0.00155047 
0.00160708 
0.00174722 
0.00158311 
0.00150992 
0.00168654 
0.00150867 
0.00158644 
0.00172029 
0.00152751 
0.00154881 
0.00165374 
0.00162887 
0.00168358 
0.00154789 
0.00161717 
0.00172796 
0.00164293 
0.00153672 
0.00174291 
0.00164751 
0.00158308 
0.00161334 
0.00169565 
0.00163279 
0.00158828 
0.00152118 
0.00171501 
0.00162077 
0.00151137 
0.00169748 
0.00164906 
0.00154124 
0.00162282 
0.00169556 
0.00167834 
0.00151698 
0.00165525 
0.00156557 
0.00166238 
0.00163812 
0.00164415 
0.00150203 
0.00161704 
0.00174685 
0.00166664 
0.00153318 
0.00165876 
0.00174873 
0.00168241 
0.00170493 
0.00167044 
0.00168433 
0.00158171 
0.0015422 
0.00172617 
0.00169985 
0.00150274 
0.00168056 
0.00150778 
0.00156424 
0.00165692 
0.00161779 
0.0015015 
0.00164049 
0.00170162 
0.00151995 
0.00158797 
0.00171978 
0.00161236 
0.001558 
0.00173916 
0.00163809 
0.001585 
0.00156205 
0.00167597 
0.00156018 
0.00154849 
0.00161873 
0.00172652 
0.00174057 
0.00154182 
0.00168913 
0.00154495 
0.00166329 
0.00150642 
0.00164203 
0.00165007 
0.0015641 
0.00169458 
0.00151429 
0.00170471 
0.00163571 
0.00163169 
0.00174784 
0.00161648 
0.00174426 
0.00160283 
0.00165532 
0.00150236 
0.00151524 
0.00153613 
0.0016519 
0.00160298 
0.00163511 
0.00164337 
0.0016697 
0.00172222 
0.00164172 
0.00160147 
0.00167725 
0.00151226 
0.0015149 
0.00167664 
0.00169424 
0.00150965 
0.00151523 
0.0016244 
0.00158404 
0.00160156 
0.00154509 
0.00160085 
0.00169692 
0.00170678 
0.00152576 
0.00167911 
0.00165133 
0.00163546 
0.00166717 
0.00162922 
0.00161382 
0.00151297 
0.00165796 
0.00169635 
0.00154193 
0.00169407 
0.00150842 
0.00172308 
0.00158701 
0.00155573 
0.00170442 
0.00162857 
0.00162851 
0.00153758 
0.00170825 
0.00158773 
0.00163501 
0.00162169 
0.00156342 
0.00166235 
0.0015307 
0.00162322 
0.00163798 
0.00160828 
0.00158385 
0.00162935 
0.0016316 
0.0016337 
0.00159628 
0.00153417 
0.00172637 
0.00167956 
0.0016739 
0.00158884 
0.001604 
0.00151899 
0.00172168 
0.00160918 
0.00172974 
0.00154254 
0.00168664 
0.00151912 
0.00167921 
0.00150896 
0.00165677 
0.00170282 
0.00157194 
0.00157973 
0.00161169 
0.00191477 
0.00185928 
0.00184145 
0.00180195 
0.00191937 
0.00191641 
0.00192107 
0.0017993 
0.00181848 
0.0019273 
0.00186323 
0.00193342 
0.00199355 
0.00187026 
0.00175207 
0.00189862 
0.00190969 
0.00177867 
0.00178995 
0.0018728 
0.00186887 
0.00195519 
0.00186193 
0.00185981 
0.00179097 
0.00198935 
0.00195056 
0.00191843 
0.00184071 
0.00186659 
0.00196987 
0.0018069 
0.00195054 
0.00180405 
0.0018804 
0.00188496 
0.00196569 
0.0018085 
0.00196653 
0.00184544 
0.00178143 
0.00196376 
0.00178879 
0.00191751 
0.0019944 
0.00186424 
0.00178871 
0.00192407 
0.00183276 
0.00199417 
0.00181705 
0.00183502 
0.00177845 
0.00196998 
0.00191268 
0.00182916 
0.00189866 
0.00186503 
0.00178198 
0.00192294 
0.00199897 
0.00175275 
0.00194188 
0.0019041 
0.001825 
0.00199106 
0.00183315 
0.00199321 
0.00179156 
0.0019106 
0.00193489 
0.00175354 
0.00188637 
0.00185092 
0.00195309 
0.00191654 
0.00189028 
0.00179292 
0.00176912 
0.0019285 
0.00195558 
0.00189026 
0.0017842 
0.00190202 
0.00180412 
0.00196004 
0.00194755 
0.00178484 
0.00182056 
0.00197235 
0.00188545 
0.00178596 
0.00191657 
0.0018363 
0.00196051 
0.00184434 
0.00180793 
0.0019935 
0.00181826 
0.00190288 
0.00180752 
0.00194807 
0.00184037 
0.00175277 
0.0019491 
0.00187524 
0.00192823 
0.00182572 
0.00198864 
0.00176187 
0.00194754 
0.00180165 
0.00185314 
0.00196958 
0.001757 
0.00192242 
0.00193366 
0.00176789 
0.00188909 
0.00191307 
0.0018607 
0.00194191 
0.0017865 
0.00195207 
0.00188426 
0.00189744 
0.00182145 
0.00199093 
0.00185187 
0.00197165 
0.00189515 
0.00177502 
0.00186234 
0.00192833 
0.00197617 
0.0018133 
0.00178617 
0.00180867 
0.00196193 
0.00182217 
0.00191508 
0.00193593 
0.00188738 
0.00183796 
0.00182718 
0.00196531 
0.00175503 
0.00189293 
0.00195152 
0.00190186 
0.00175522 
0.00188927 
0.00199725 
0.00185669 
0.0017503 
0.00190884 
0.00183885 
0.00199163 
0.00193742 
0.00181571 
0.00199638 
0.00184564 
0.00178677 
0.00181528 
0.00196845 
0.0019665 
0.00195971 
0.00180948 
0.00196125 
0.00182702 
0.00175368 
0.00192331 
0.00179587 
0.0018015 
0.00195053 
0.00193905 
0.0017732 
0.00194944 
0.00194197 
0.00180185 
0.00176258 
0.00186467 
0.00186162 
0.00178296 
0.00187763 
0.00194798 
0.00179045 
0.00183518 
0.00198076 
0.00196266 
0.0017769 
0.00191516 
0.0018268 
0.00197992 
0.00194961 
0.00184445 
0.00179238 
0.0018585 
0.00197844 
0.00179122 
0.00193829 
0.00197024 
0.00176672 
0.00195177 
0.0019155 
0.00175267 
0.00191659 
0.00188646 
0.00186025 
0.00182986 
0.00183663 
0.00196603 
0.00177991 
0.00181007 
0.00194574 
0.00195483 
0.00186354 
0.00198789 
0.0018081 
0.00179758 
0.00193691 
0.00176811 
0.0019468 
0.00189649 
0.00185363 
0.00192681 
0.00186787 
0.00185565 
0.00177158 
0.00182897 
0.00186659 
0.00195959 
0.00180306 
0.00175241 
0.00191149 
0.00189744 
0.00175162 
0.00184745 
0.00195428 
0.00181305 
0.00182973 
0.00177091 
0.00195027 
0.00182672 
0.00196571 
0.00182871 
0.0017605 
0.0017682 
0.00193077 
0.00179071 
0.00198095 
0.00192536 
0.00176215 
0.00193766 
0.00190729 
0.00180191 
0.00196876 
0.00191434 
0.0018123 
0.0018868 
0.00178809 
0.00188359 
0.00196323 
0.00184358 
0.0017798 
0.00192471 
0.00177639 
0.0019675 
0.0018134 
0.00211683 
0.00200985 
0.00223508 
0.00212362 
0.00200894 
0.0021466 
0.00202033 
0.00211872 
0.00215819 
0.00204557 
0.00210739 
0.00202548 
0.00201679 
0.00222447 
0.0021313 
0.00221299 
0.0021046 
0.0020421 
0.00219438 
0.00200156 
0.00204467 
0.00212824 
0.00219256 
0.00202983 
0.00209765 
0.00218771 
0.00209003 
0.00217887 
0.00200153 
0.00207189 
0.00218189 
0.0021343 
0.00204774 
0.00218104 
0.00218522 
0.00222119 
0.00205914 
0.00204362 
0.00219537 
0.00215366 
0.00205 
0.0022257 
0.00223707 
0.00201219 
0.0020848 
0.00223571 
0.00221846 
0.00214796 
0.00208662 
0.00204411 
0.00218154 
0.00217893 
0.00219245 
0.00223709 
0.00208302 
0.00207107 
0.00224394 
0.00215737 
0.00210163 
0.00214904 
0.00207222 
0.00202422 
0.00222014 
0.0020458 
0.00221858 
0.00215024 
0.00214097 
0.00220088 
0.00208062 
0.00202314 
0.00209839 
0.00216438 
0.00202941 
0.00219605 
0.00224286 
0.00203962 
0.00215951 
0.00222346 
0.00205564 
0.00222326 
0.00200576 
0.00210038 
0.00218696 
0.00212296 
0.00208781 
0.00213304 
0.0020099 
0.00211227 
0.00211881 
0.00204719 
0.002158 
0.00207789 
0.00219932 
0.0020179 
0.00208771 
0.00217612 
0.00221034 
0.00202029 
0.00218991 
0.00213851 
0.00206209 
0.00219309 
0.00209907 
0.00216749 
0.00206991 
0.00208309 
0.00220545 
0.0021511 
0.00207775 
0.00222373 
0.00218782 
0.00210458 
0.00213468 
0.00209035 
0.00217601 
0.00208265 
0.00210872 
0.00206923 
0.00222633 
0.00223374 
0.00209343 
0.00209641 
0.0021011 
0.00205374 
0.00213354 
0.00223838 
0.0022368 
0.00217788 
0.00205756 
0.00201717 
0.00209484 
0.0020642 
0.00224646 
0.00212783 
0.00200037 
0.00219162 
0.00214578 
0.00206362 
0.00210841 
0.00224775 
0.00206127 
0.0021246 
0.00207729 
0.00213034 
0.0020885 
0.0020714 
0.0021976 
0.00218159 
0.00205164 
0.00205556 
0.00221919 
0.00210261 
0.00211688 
0.00223395 
0.00208755 
0.00215873 
0.0021826 
0.00202734 
0.0022124 
0.00212532 
0.00205607 
0.00212253 
0.00209953 
0.00209882 
0.0021031 
0.00212591 
0.00213772 
0.0020013 
0.00217187 
0.00213157 
0.00203054 
0.00220598 
0.00215013 
0.00207664 
0.00221288 
0.002204 
0.0021434 
0.00211877 
0.00216816 
0.0021181 
0.00211966 
0.00206869 
0.00223492 
0.00215536 
0.0021121 
0.00211443 
0.00208645 
0.00212119 
0.00200774 
0.00210082 
0.00220948 
0.00204515 
0.00202382 
0.00203045 
0.00214468 
0.00221432 
0.00213448 
0.00214205 
0.00205603 
0.00224261 
0.00218418 
0.00212377 
0.00208791 
0.00204678 
0.00218676 
0.00201062 
0.00213982 
0.00205121 
0.00206511 
0.00223247 
0.00200181 
0.00220788 
0.00212257 
0.00200237 
0.00223499 
0.00212904 
0.00223518 
0.00213378 
0.00204141 
0.00203508 
0.00202751 
0.00215223 
0.002242 
0.00223183 
0.00209996 
0.00208517 
0.00209491 
0.00216938 
0.00215718 
0.00210001 
0.00220916 
0.002094 
0.00212896 
0.00223372 
0.00219843 
0.00205477 
0.00203399 
0.00224111 
0.00220509 
0.00208504 
0.0021387 
0.00205992 
0.00200725 
0.00206461 
0.00220242 
0.00213529 
0.00208296 
0.00215536 
0.00204486 
0.00224105 
0.00200178 
0.00212289 
0.00220829 
0.00216903 
0.00234184 
0.00242911 
0.00226211 
0.00229699 
0.00244838 
0.00225391 
0.00239391 
0.0024878 
0.00236033 
0.00233326 
0.00230131 
0.00232664 
0.00241541 
0.0023035 
0.00238348 
0.00248962 
0.00232882 
0.00233821 
0.0024694 
0.00237274 
0.00236717 
0.00230225 
0.00225944 
0.00245376 
0.00228653 
0.00236273 
0.00244108 
0.00229844 
0.00232462 
0.00246498 
0.00232891 
0.00237114 
0.00248536 
0.00241624 
0.00235759 
0.002335 
0.00243415 
0.00228356 
0.00243029 
0.0024134 
0.00244812 
0.00231363 
0.00227806 
0.00243402 
0.00247037 
0.00238345 
0.00229711 
0.00242054 
0.00240228 
0.00227195 
0.00239462 
0.00247349 
0.00236841 
0.00233408 
0.00229336 
0.00234832 
0.0024898 
0.0023635 
0.00231314 
0.00241317 
0.00235467 
0.00247857 
0.00232835 
0.0023403 
0.00247437 
0.0024989 
0.0022692 
0.00245524 
0.00230994 
0.00235289 
0.002496 
0.00248882 
0.002394 
0.00241391 
0.00233988 
0.0024182 
0.00241862 
0.00242077 
0.00228706 
0.00245318 
0.00239788 
0.0024452 
0.0022536 
0.00244391 
0.00231194 
0.0022555 
0.00242202 
0.00227854 
0.00243755 
0.00237067 
0.00225315 
0.00242188 
0.00235955 
0.00228315 
0.00225066 
0.00242697 
0.00235868 
0.00226076 
0.00236426 
0.0024259 
0.00229627 
0.00249081 
0.00225985 
0.00243607 
0.00238998 
0.00226097 
0.00244274 
0.00232961 
0.0023389 
0.00229628 
0.00239141 
0.00242386 
0.00229168 
0.00247505 
0.00227393 
0.00236967 
0.00231264 
0.00246452 
0.00236273 
0.00243693 
0.00238059 
0.00244024 
0.00229983 
0.00238553 
0.00247079 
0.00232924 
0.00235402 
0.00231805 
0.00248735 
0.00225714 
0.00236815 
0.0022739 
0.0022985 
0.00243467 
0.00231713 
0.00231219 
0.00247028 
0.00246584 
0.00233942 
0.00229119 
0.00230344 
0.00248256 
0.00244826 
0.00225743 
0.002271 
0.00243409 
0.00248036 
0.00226625 
0.0024533 
0.0024568 
0.00227643 
0.00238149 
0.00230495 
0.00235872 
0.00243879 
0.00241762 
0.00229638 
0.00239522 
0.00249314 
0.00248969 
0.00228902 
0.00243295 
0.00238197 
0.00249937 
0.00237997 
0.00226274 
0.00244192 
0.00243944 
0.00226112 
0.00231192 
0.00248968 
0.00248218 
0.00226263 
0.0024166 
0.00226943 
0.00225933 
0.00242704 
0.00243677 
0.00243551 
0.0023654 
0.00227898 
0.0022941 
0.00240275 
0.00232113 
0.00226282 
0.00236048 
0.00243042 
0.00238589 
0.00230126 
0.00247085 
0.00233331 
0.00240595 
0.00233747 
0.00230882 
0.00230122 
0.00248761 
0.00229254 
0.00234332 
0.00229835 
0.00231078 
0.00247422 
0.00226992 
0.00244715 
0.00246672 
0.00243361 
0.00227871 
0.00226422 
0.0023973 
0.00243047 
0.00245446 
0.00242748 
0.00233662 
0.00249765 
0.00230595 
0.0024012 
0.00240257 
0.00243185 
0.00232253 
0.00228685 
0.0024792 
0.00235876 
0.0023366 
0.00243599 
0.00230252 
0.00246539 
0.00232336 
0.00249007 
0.00245357 
0.002491 
0.00239648 
0.00231683 
0.00249901 
0.00232143 
0.00230219 
0.00248635 
0.0023771 
0.0024347 
0.00234389 
0.002444 
0.00229614 
0.00248742 
0.00227964 
0.00244834 
0.00227297 
0.00234722 
0.00244813 
0.00243968 
0.00229194 
0.00242643 
0.00229078 
0.0023884 
0.0024348 
0.00231324 
0.00240109 
0.0024981 
0.00228189 
0.00243041 
0.00245417 
0.00225333 
0.00227816 
0.00240725 
0.00232458 
0.00242492 
0.00225864 
0.00233092 
0.00242419 
0.00249384 
0.0023167 
0.00243153 
0.00238526 
0.00253993 
0.00274162 
0.0026172 
0.00259561 
0.0027253 
0.0025885 
0.00267891 
0.00254656 
0.00274261 
0.00267538 
0.00251169 
0.0025169 
0.00264952 
0.00266003 
0.00263349 
0.00253236 
0.00253082 
0.00267793 
0.0026862 
0.00251952 
0.00254213 
0.00271329 
0.00265297 
0.00254877 
0.00271501 
0.00251646 
0.00263758 
0.00252214 
0.00250053 
0.0026517 
0.00269554 
0.00262377 
0.00254508 
0.0027099 
0.00267891 
0.00260762 
0.00254323 
0.00253444 
0.00259871 
0.00270946 
0.00272708 
0.002657 
0.00257664 
0.00263013 
0.00273023 
0.00264176 
0.00259602 
0.00251037 
0.00268218 
0.00258447 
0.00274149 
0.00255875 
0.00266937 
0.00253815 
0.00271041 
0.002709 
0.00252769 
0.00268155 
0.00268758 
0.00263389 
0.00251144 
0.00264763 
0.0026094 
0.00262907 
0.00263172 
0.00269779 
0.00260338 
0.00260553 
0.00250412 
0.00254353 
0.00254673 
0.00273173 
0.00260706 
0.00258436 
0.00273173 
0.0025468 
0.00273731 
0.00258146 
0.00252162 
0.0025896 
0.00271895 
0.00256286 
0.00263808 
0.00251456 
0.00263169 
0.00272149 
0.00251744 
0.00263488 
0.00262591 
0.00251803 
0.00267035 
0.00261271 
0.00253798 
0.00270252 
0.00271685 
0.00261198 
0.00260306 
0.00265248 
0.00260072 
0.00251957 
0.00270796 
0.00253268 
0.00271412 
0.00266106 
0.00259721 
0.00274817 
0.00258081 
0.00261985 
0.00259806 
0.00269938 
0.0025233 
0.00259447 
0.00252836 
0.0027471 
0.002669 
0.00258781 
0.00256583 
0.00256541 
0.00251304 
0.00269511 
0.00262745 
0.00255723 
0.00263756 
0.00274726 
0.00250226 
0.00272654 
0.00268829 
0.00258823 
0.00264364 
0.00254651 
0.00274492 
0.00258413 
0.00269976 
0.00257275 
0.00273292 
0.00273522 
0.00263604 
0.002666 
0.00260982 
0.00263859 
0.00262977 
0.00260966 
0.00261038 
0.00257289 
0.00271842 
0.00255039 
0.00254865 
0.00273403 
0.00268205 
0.00261803 
0.00255575 
0.00261634 
0.00274408 
0.00269218 
0.00259722 
0.00250879 
0.00263213 
0.00272212 
0.00271683 
0.00263301 
0.00256171 
0.00268991 
0.00273983 
0.0026388 
0.00269551 
0.00254379 
0.00263349 
0.00273646 
0.0026005 
0.00257505 
0.00256011 
0.00252972 
0.00262741 
0.00251457 
0.00269049 
0.00255798 
0.00273378 
0.00272147 
0.00257776 
0.0027206 
0.00270711 
0.00250564 
0.00251107 
0.00274354 
0.00261316 
0.00255302 
0.00260815 
0.00269067 
0.00250673 
0.00267682 
0.00252838 
0.00261219 
0.00266574 
0.00274699 
0.00266199 
0.00261364 
0.00258636 
0.00258759 
0.00261915 
0.00265382 
0.00270576 
0.00269606 
0.00262579 
0.00261989 
0.00263111 
0.00254665 
0.00264669 
0.00274354 
0.00252202 
0.00274307 
0.00266578 
0.00255832 
0.00253553 
0.00273089 
0.0026593 
0.0026162 
0.00255438 
0.00265788 
0.00264822 
0.00257978 
0.0026655 
0.002615 
0.00255635 
0.00266623 
0.00253846 
0.00263801 
0.00273716 
0.00268383 
0.00263829 
0.0026479 
0.0025457 
0.00263925 
0.00274483 
0.00260537 
0.00274083 
0.00261251 
0.00256533 
0.00264819 
0.00273217 
0.0026428 
0.00261119 
0.00250381 
0.0026426 
0.00251889 
0.00261523 
0.00271634 
0.00252666 
0.00269088 
0.00270232 
0.00266931 
0.00257693 
0.00260862 
0.00257879 
0.00273547 
0.00254457 
0.00278015 
0.00289173 
0.00295963 
0.00295528 
0.0028132 
0.00287788 
0.00292776 
0.00277421 
0.00287375 
0.00283983 
0.00293786 
0.00281924 
0.00281032 
0.00296818 
0.00291018 
0.00285381 
0.0028009 
0.00298831 
0.0028407 
0.00284346 
0.0029096 
0.00296489 
0.00282939 
0.00296207 
0.00295 
0.00275581 
0.00284538 
0.0029251 
0.00281996 
0.00287268 
0.00289784 
0.00290106 
0.00278277 
0.00298326 
0.00299177 
0.00279556 
0.00293191 
0.00280227 
0.00297985 
0.00291338 
0.00292456 
0.00282004 
0.00277373 
0.00296639 
0.0028038 
0.00282836 
0.00288765 
0.00277622 
0.00299565 
0.00282782 
0.0028935 
0.00299794 
0.00279698 
0.00286925 
0.00281037 
0.00296785 
0.00288108 
0.00299269 
0.00277659 
0.00294432 
0.00280668 
0.00286127 
0.00295952 
0.00278644 
0.00295658 
0.00280266 
0.00298536 
0.00289457 
0.00278671 
0.00277233 
0.00279236 
0.0029923 
0.00283027 
0.00293435 
0.00289883 
0.002787 
0.00291746 
0.00276364 
0.00288896 
0.00290769 
0.00285699 
0.00275608 
0.00294896 
0.0029164 
0.00286908 
0.00294853 
0.00278089 
0.00280456 
0.00290951 
0.00292997 
0.00276771 
0.00296574 
0.00276385 
0.00284685 
0.00279948 
0.00299145 
0.0029571 
0.00288162 
0.00294408 
0.00279139 
0.00291202 
0.00297864 
0.0028936 
0.00279585 
0.00289701 
0.00288843 
0.0029911 
0.00292657 
0.00285743 
0.00291771 
0.00290205 
0.00275586 
0.00277466 
0.0029987 
0.00292887 
0.002758 
0.00276598 
0.00278977 
0.0029571 
0.00293269 
0.0028665 
0.00293351 
0.00277844 
0.00279466 
0.0029973 
0.00282219 
0.00297799 
0.00298615 
0.00282245 
0.00283564 
0.00295719 
0.0028256 
0.00291982 
0.00277102 
0.00293648 
0.0028404 
0.00291695 
0.00286319 
0.00289617 
0.00290834 
0.00295876 
0.0028162 
0.00298363 
0.00289558 
0.00277124 
0.00290347 
0.00276108 
0.00281421 
0.00289025 
0.00281393 
0.00283535 
0.00298282 
0.00292849 
0.00285885 
0.00293135 
0.00277349 
0.00295801 
0.00287194 
0.00289059 
0.00278314 
0.0029564 
0.00287732 
0.00286866 
0.00299811 
0.00282681 
0.00282667 
0.00287409 
0.00291665 
0.00287977 
0.0027623 
0.00294685 
0.00292609 
0.00278636 
0.00275413 
0.00293606 
0.00295085 
0.00278493 
0.0028108 
0.00277684 
0.00295254 
0.00288447 
0.00289381 
0.00286318 
0.00286562 
0.00299028 
0.00285568 
0.00280691 
0.00291796 
0.0027975 
0.00278359 
0.002972 
0.00285087 
0.00295893 
0.00276731 
0.00286108 
0.00279832 
0.00292421 
0.00298412 
0.00293525 
0.00276154 
0.00293677 
0.00281645 
0.00284518 
0.00288038 
0.00288094 
0.0028142 
0.00283531 
0.00294235 
0.00284869 
0.00294026 
0.002991 
0.00286016 
0.00275792 
0.00296187 
0.00283328 
0.00292113 
0.0028008 
0.00293347 
0.0027535 
0.00288897 
0.00288385 
0.00299668 
0.00293776 
0.00276033 
0.00275095 
0.00276329 
0.00293981 
0.0028586 
0.0029673 
0.00279453 
0.00299481 
0.00275096 
0.00294589 
0.00286609 
0.00294723 
0.002834 
0.00281236 
0.00288311 
0.00282688 
0.00284971 
0.00293548 
0.0029351 
0.00279526 
0.0027777 
0.0028891 
0.00275497 
0.00296744 
0.00278162 
0.00291861 
0.00286502 
0.00282148 
0.00293905 
0.0027574 
0.00290186 
0.00299999 
0.00283631 
0.00287014 
0.00285955 
0.00296934 
0.00278192 
0.00295171 
0.00276295 
0.00291362 
0.0028212 
0.003086 
0.00315132 
0.0030441 
0.00314578 
0.00300509 
0.00320892 
0.00307228 
0.00312516 
0.0031995 
0.00301601 
0.00314145 
0.00301385 
0.00321551 
0.00301459 
0.00310622 
0.0032111 
0.00322041 
0.00317497 
0.00300948 
0.00319959 
0.00310366 
0.00307706 
0.0031582 
0.00318237 
0.00301651 
0.00321065 
0.00314275 
0.00304577 
0.0032383 
0.00306772 
0.00301081 
0.00322524 
0.00309808 
0.00310466 
0.00309928 
0.00322315 
0.00318141 
0.00314685 
0.00309588 
0.00323649 
0.00309034 
0.00313853 
0.00321658 
0.00301355 
0.00318346 
0.00302934 
0.00311602 
0.00323311 
0.00311808 
0.00312741 
0.00319949 
0.00316246 
0.00308848 
0.00301874 
0.0032043 
0.00309868 
0.00317823 
0.00323556 
0.00310699 
0.00310138 
0.00300261 
0.00312641 
0.0030647 
0.00312659 
0.00319203 
0.00312516 
0.00303285 
0.00318611 
0.00312439 
0.00308304 
0.00324768 
0.00306658 
0.00300327 
0.00320034 
0.00307799 
0.0030595 
0.00306586 
0.00320331 
0.00314691 
0.00311236 
0.00307029 
0.00323181 
0.00314027 
0.00312648 
0.00318617 
0.0031617 
0.00312021 
0.00314454 
0.003065 
0.00312842 
0.00310545 
0.00309486 
0.00313342 
0.00321233 
0.00306712 
0.00311548 
0.00319684 
0.00305722 
0.00321811 
0.00304936 
0.00316115 
0.00309493 
0.00309201 
0.00322153 
0.00302831 
0.00311485 
0.0032295 
0.00304642 
0.00323731 
0.00310663 
0.00319417 
0.00315304 
0.003179 
0.00324761 
0.00303712 
0.00322214 
0.00316672 
0.00309673 
0.00324551 
0.00306887 
0.00323614 
0.00314092 
0.00302207 
0.00303459 
0.00322004 
0.00321766 
0.0031102 
0.0030328 
0.00320217 
0.00306761 
0.00319814 
0.0030578 
0.00323883 
0.00311181 
0.00308457 
0.00322671 
0.00303561 
0.00308943 
0.00301757 
0.00320213 
0.00306052 
0.00314624 
0.00313194 
0.00302875 
0.0032102 
0.00305232 
0.00319799 
0.00311117 
0.003025 
0.00309695 
0.00318052 
0.00322668 
0.00305743 
0.00310035 
0.00307545 
0.00318244 
0.0030773 
0.00301348 
0.00320953 
0.0030163 
0.00310903 
0.00319099 
0.00317969 
0.0031616 
0.00306711 
0.00316551 
0.00324898 
0.00306972 
0.00314364 
0.00310518 
0.00310843 
0.00321852 
0.00305896 
0.00324669 
0.00310315 
0.00314265 
0.00316785 
0.00302777 
0.00319399 
0.00319351 
0.00302859 
0.00300568 
0.00323766 
0.00317997 
0.00304141 
0.00318557 
0.00305869 
0.00317491 
0.00305224 
0.00323874 
0.00312862 
0.00310345 
0.00313308 
0.00304279 
0.00310431 
0.00317635 
0.00311702 
0.00313742 
0.00301953 
0.0032312 
0.0030376 
0.00313897 
0.0030536 
0.00306874 
0.00319522 
0.00301352 
0.00310201 
0.00313386 
0.00303942 
0.00323423 
0.00312881 
0.00310693 
0.00302558 
0.00322241 
0.00322957 
0.00323607 
0.00306288 
0.00320996 
0.00305521 
0.00319836 
0.00306277 
0.00313222 
0.00322278 
0.00302248 
0.00317642 
0.0031415 
0.00313728 
0.00306523 
0.00301844 
0.00321445 
0.0031379 
0.00307427 
0.00301789 
0.00321413 
0.00323985 
0.0030487 
0.00312543 
0.00313456 
0.00312936 
0.00308651 
0.00300105 
0.00303713 
0.00323873 
0.00313247 
0.00318463 
0.00303031 
0.00313234 
0.00310302 
0.00319804 
0.00302775 
0.00307217 
0.00321998 
0.00323891 
0.00306427 
0.00321947 
0.00313356 
0.00309708 
0.00319194 
0.00300847 
0.00332564 
0.00327692 
0.00349669 
0.0033611 
0.00327972 
0.00349092 
0.00333664 
0.00326551 
0.00340391 
0.00346349 
0.00331618 
0.00344428 
0.00337891 
0.0034093 
0.0033 
0.00340304 
0.00346652 
0.00334983 
0.00334994 
0.00348753 
0.00325937 
0.00334498 
0.00337609 
0.00347169 
0.00333104 
0.00339491 
0.00341813 
0.00348969 
0.00325247 
0.00326985 
0.00336446 
0.00344894 
0.00341504 
0.00329523 
0.00348083 
0.00336499 
0.00337746 
0.00346567 
0.00349788 
0.00332173 
0.00329768 
0.00339762 
0.00348576 
0.00348059 
0.00340904 
0.0034604 
0.00337877 
0.00325201 
0.00343929 
0.00326598 
0.00334563 
0.00331697 
0.00346037 
0.00339865 
0.00329616 
0.00336026 
0.00326842 
0.00346082 
0.00329764 
0.003264 
0.00344516 
0.00328681 
0.00337403 
0.0033101 
0.00337375 
0.00328189 
0.0033678 
0.00338422 
0.00348445 
0.00344247 
0.00343668 
0.00337355 
0.00331901 
0.00345814 
0.00326738 
0.00325102 
0.00336227 
0.00338663 
0.00325829 
0.00338606 
0.00344179 
0.0033456 
0.00340481 
0.00332298 
0.00340341 
0.00338626 
0.00331986 
0.00343772 
0.00332321 
0.00349775 
0.00325877 
0.00344473 
0.00340779 
0.00325576 
0.00331011 
0.00347247 
0.00325368 
0.00338041 
0.00325874 
0.00332221 
0.0034938 
0.00336769 
0.00339219 
0.00340716 
0.00334946 
0.00327381 
0.00343192 
0.00336563 
0.00331149 
0.00342308 
0.00346497 
0.00328695 
0.00348155 
0.00338587 
0.00338713 
0.00333585 
0.00342377 
0.00326971 
0.00340001 
0.00329321 
0.00345757 
0.00348429 
0.00340986 
0.00333862 
0.00339159 
0.0034435 
0.00338699 
0.00336938 
0.00349769 
0.003348 
0.00337399 
0.00347025 
0.00326164 
0.00333685 
0.00329162 
0.00346442 
0.00337681 
0.0033799 
0.00332654 
0.00330331 
0.00333778 
0.00349393 
0.00340268 
0.00329996 
0.0033691 
0.00330769 
0.00348923 
0.00329322 
0.00339767 
0.00339838 
0.00330576 
0.0033128 
0.00340064 
0.00344669 
0.00346918 
0.00330679 
0.00334464 
0.00344472 
0.00347373 
0.00328901 
0.0033545 
0.00330295 
0.00347703 
0.00332849 
0.00339616 
0.00334549 
0.00343748 
0.00329894 
0.0034472 
0.0033365 
0.00338008 
0.00334332 
0.00338203 
0.00343876 
0.00333399 
0.00347528 
0.00333395 
0.00325325 
0.00330178 
0.00341858 
0.00341945 
0.00347789 
0.00331067 
0.00344159 
0.00326785 
0.00344833 
0.00334245 
0.0033705 
0.00327605 
0.00344894 
0.00339111 
0.0033845 
0.00331797 
0.00325716 
0.00343335 
0.00333668 
0.00348971 
0.00349015 
0.00333198 
0.00335731 
0.00346881 
0.00330395 
0.00325333 
0.00344095 
0.00338569 
0.00341096 
0.00330384 
0.00340501 
0.00333157 
0.00349514 
0.00339832 
0.00338921 
0.00325797 
0.00341805 
0.00342287 
0.00344578 
0.00339061 
0.00325263 
0.00340586 
0.00336004 
0.00345375 
0.00333483 
0.00346764 
0.003326 
0.00327548 
0.00338377 
0.00329355 
0.00349903 
0.00336961 
0.0032882 
0.00338946 
0.00343255 
0.00327145 
0.00330009 
0.00346159 
0.00326069 
0.00342995 
0.00333348 
0.00328683 
0.00345379 
0.00325701 
0.00332948 
0.00341121 
0.00345129 
0.00331734 
0.00346563 
0.0034274 
0.00339408 
0.00329547 
0.00338414 
0.00344157 
0.003394 
0.00352475 
0.00372501 
0.00365741 
0.00372747 
0.00353431 
0.00356674 
0.0037008 
0.00367408 
0.00362556 
0.00364075 
0.00357649 
0.0037213 
0.00357709 
0.00366445 
0.0036433 
0.00354075 
0.00354455 
0.00361263 
0.0035446 
0.00368044 
0.00359213 
0.00365017 
0.00353071 
0.00370703 
0.00362948 
0.00355354 
0.00373556 
0.00355956 
0.00365773 
0.00365263 
0.0036529 
0.00356279 
0.00371881 
0.00359567 
0.00371216 
0.00369416 
0.00352471 
0.00367093 
0.00357071 
0.00371599 
0.00358456 
0.00374691 
0.0035601 
0.00370225 
0.00353378 
0.00367357 
0.00372456 
0.00351214 
0.00371369 
0.00361454 
0.00352184 
0.00358987 
0.00370595 
0.00355342 
0.00365707 
0.00356649 
0.00367752 
0.00361379 
0.00362312 
0.00355041 
0.00370835 
0.00352738 
0.00363844 
0.00362753 
0.00359865 
0.0035682 
0.00351997 
0.00360315 
0.00351864 
0.00369169 
0.00354954 
0.00367573 
0.00357116 
0.00363841 
0.00358592 
0.00353891 
0.00373344 
0.00367061 
0.00352284 
0.00371803 
0.00362272 
0.00350965 
0.00369355 
0.0035425 
0.00367982 
0.00373142 
0.00360776 
0.00359496 
0.00374552 
0.00366066 
0.0037273 
0.00351211 
0.00369694 
0.00371149 
0.00367008 
0.00356156 
0.00372496 
0.00373983 
0.00354449 
0.00370442 
0.00353849 
0.00358096 
0.0036857 
0.00351037 
0.0036198 
0.00350146 
0.00357924 
0.00371476 
0.00350475 
0.00357791 
0.00363944 
0.00374733 
0.00365251 
0.00356974 
0.00356289 
0.00372639 
0.00350087 
0.00368669 
0.00367624 
0.00354449 
0.00364896 
0.00358867 
0.00353322 
0.00357035 
0.00362773 
0.00357711 
0.00372984 
0.0036828 
0.00353912 
0.00373624 
0.00366667 
0.00350914 
0.00368237 
0.00363407 
0.00373683 
0.00359742 
0.00366531 
0.00351433 
0.0035093 
0.00369172 
0.00367366 
0.00358078 
0.0035586 
0.00371237 
0.00354874 
0.00367194 
0.00354204 
0.0036983 
0.00373333 
0.00358593 
0.0037107 
0.00350528 
0.00367131 
0.00359237 
0.00374045 
0.00353093 
0.00363156 
0.00366666 
0.00363886 
0.00364156 
0.00352272 
0.00369948 
0.00368164 
0.00350043 
0.00352686 
0.00361852 
0.0035692 
0.00370883 
0.00371145 
0.00362835 
0.00352427 
0.00358821 
0.00368849 
0.00371836 
0.00356246 
0.0035708 
0.00356453 
0.00366062 
0.00374326 
0.00355712 
0.00366474 
0.00360017 
0.00358524 
0.00361105 
0.00365368 
0.00360603 
0.00371725 
0.0035395 
0.00353498 
0.0037001 
0.00356598 
0.00364967 
0.00368556 
0.00350702 
0.00368193 
0.00366203 
0.00352512 
0.00356427 
0.00370939 
0.00367611 
0.0035373 
0.00365618 
0.00359231 
0.00371923 
0.00374263 
0.00352392 
0.00350254 
0.00367114 
0.00374726 
0.00368692 
0.00355344 
0.00366128 
0.00356575 
0.00355225 
0.00371542 
0.00374464 
0.00360397 
0.00358037 
0.00361592 
0.00359704 
0.00374299 
0.00370657 
0.00363908 
0.00360337 
0.00351604 
0.00364563 
0.00355314 
0.00369746 
0.00356577 
0.00370065 
0.00352042 
0.00372677 
0.00359379 
0.00353512 
0.00359911 
0.00368303 
0.00353679 
0.0037324 
0.00361832 
0.00366027 
0.00352378 
0.00364926 
0.00358981 
0.00372589 
0.00356258 
0.00360143 
0.00353947 
0.00358255 
0.00358108 
0.00372778 
0.00355056 
0.00372642 
0.00391468 
0.00385611 
0.00381031 
0.00393947 
0.00379375 
0.00389925 
0.0038178 
0.0037782 
0.00384807 
0.00379929 
0.00383159 
0.00377474 
0.0038407 
0.00383687 
0.00391684 
0.0037978 
0.00377256 
0.00379621 
0.00377551 
0.00381789 
0.0038919 
0.00378496 
0.00384321 
0.00378905 
0.00390783 
0.00375113 
0.00378105 
0.00381775 
0.00380704 
0.00392611 
0.00387617 
0.00389151 
0.00376935 
0.00383262 
0.00379152 
0.00386633 
0.00383061 
0.00378303 
0.00379394 
0.00382226 
0.00376974 
0.00388982 
0.00394636 
0.00385315 
0.00387077 
0.00379103 
0.00386144 
0.00377697 
0.00385456 
0.00386592 
0.00383876 
0.00387124 
0.00383929 
0.00377642 
0.00375104 
0.00386307 
0.00377119 
0.00384914 
0.00390464 
0.00381128 
0.0038019 
0.00389668 
0.00381272 
0.00388148 
0.00388704 
0.00394138 
0.00375496 
0.00377328 
0.00379476 
0.00392828 
0.00387644 
0.0038838 
0.0038066 
0.0038389 
0.00376239 
0.00387176 
0.0038128 
0.00384877 
0.0038008 
0.00389464 
0.00382579 
0.00392976 
0.00385479 
0.00382736 
0.00375332 
0.00394374 
0.0039022 
0.00384184 
0.00383555 
0.00377692 
0.00388672 
0.00379299 
0.00378573 
0.00384041 
0.00377628 
0.00378607 
0.00380412 
0.00378 
0.00400735 
0.00403528 
0.0167873 
